1 1.0
2 1.0
3 1.0
4 1.0
5 1.0
6 1.0
7 0.9777777777777777
8 0.9777777777777777
9 0.9777777777777777
10 0.9777777777777777
11 1.0
12 1.0
13 0.9777777777777777
14 0.9777777777777777
15 1.0
16 1.0
17 0.9777777777777777
18 0.9777777777777777
19 0.9777777777777777
20 0.9777777777777777
21 0.9777777777777777
22 0.9777777777777777
23 0.9777777777777777
24 0.9777777777777777
25 0.9777777777777777
26 0.9777777777777777
27 0.9777777777777777
28 0.9777777777777777
29 0.9777777777777777
30 0.9777777777777777
31 0.9777777777777777
32 0.9777777777777777
33 0.9777777777777777
34 0.9777777777777777
35 0.9777777777777777
36 0.9777777777777777
37 0.9777777777777777
38 0.9777777777777777
39 0.9555555555555556
40 0.9555555555555556
41 0.9333333333333333
42 0.9333333333333333
43 0.9333333333333333
44 0.9333333333333333
45 0.9333333333333333
46 0.9111111111111111
47 0.9333333333333333
48 0.9333333333333333
49 0.8888888888888888
50 0.8888888888888888
51 0.8888888888888888
52 0.8888888888888888
53 0.8888888888888888
54 0.8888888888888888
55 0.8888888888888888
56 0.8888888888888888
57 0.8888888888888888
58 0.8888888888888888
59 0.8888888888888888
60 0.8888888888888888
61 0.8888888888888888
62 0.9111111111111111
63 0.9111111111111111
64 0.9111111111111111
65 0.9111111111111111
66 0.9111111111111111
67 0.9111111111111111
68 0.9111111111111111
69 0.9111111111111111
70 0.9111111111111111
71 0.9111111111111111
72 0.8888888888888888
73 0.8888888888888888
74 0.8888888888888888
75 0.8888888888888888
76 0.8888888888888888
77 0.8888888888888888
78 0.8888888888888888
79 0.8888888888888888
80 0.8888888888888888
81 0.8888888888888888
82 0.8888888888888888
83 0.8888888888888888
84 0.8888888888888888
85 0.8888888888888888
86 0.8888888888888888
87 0.8888888888888888
88 0.8888888888888888
89 0.8888888888888888
90 0.8888888888888888
91 0.8888888888888888
92 0.8888888888888888
93 0.8888888888888888
94 0.8888888888888888
95 0.8888888888888888
96 0.8888888888888888
97 0.8888888888888888
98 0.8888888888888888
99 0.8888888888888888
100 0.8888888888888888
101 0.8888888888888888
102 0.8888888888888888
103 0.8888888888888888
104 0.8888888888888888
